2,2,488062841,125457418,488062758,125457370,2,3,20250801150357,FSDAT02,13,24000
8,1,488062841,125457418,20,0,0,20250801092740,FSDAT02,13,24000
8,1,488062758,125457370,21,0,0,20250801092740,FSDAT02,13,24000
2,2,488061522,125456678,488061592,125456625,2,3,20250801150357,FSDAT02,13,24000
8,1,488061522,125456678,20,0,0,20250801092740,FSDAT02,13,24000
8,1,488061592,125456625,21,0,0,20250801092740,FSDAT02,13,24000
2,2,488059781,125455209,488059904,125455214,2,3,20250801150357,FSDAT02,13,24000
8,1,488059781,125455209,20,0,0,20250801092740,FSDAT02,13,24000
8,1,488059904,125455214,21,0,0,20250801092740,FSDAT02,13,24000
2,2,488063287,125457171,488062789,125457231,2,3,20250801150357,FSDAT02,13,24000
8,1,488063287,125457171,20,0,0,20250801092740,FSDAT02,13,24000
8,1,488062789,125457231,21,0,0,20250801092740,FSDAT02,13,24000
2,2,488063175,125457440,488062799,125457187,2,3,20250801150357,FSDAT02,13,24000
8,1,488063175,125457440,20,0,0,20250801092740,FSDAT02,13,24000
8,1,488062799,125457187,21,0,0,20250801092740,FSDAT02,13,24000
2,2,488062906,125457010,488062859,125457004,2,3,20250801150357,FSDAT02,13,24000
8,1,488062906,125457010,20,0,0,20250801092740,FSDAT02,13,24000
8,1,488062859,125457004,21,0,0,20250801092740,FSDAT02,13,24000
2,2,488061556,125458859,488061547,125458912,2,3,20250801150357,FSDAT02,13,24000
8,1,488061556,125458859,20,0,0,20250801092740,FSDAT02,13,24000
8,1,488061547,125458912,21,0,0,20250801092740,FSDAT02,13,24000
2,2,488060300,125458973,488060307,125458933,2,3,20250801150357,FSDAT02,13,24000
8,1,488060300,125458973,20,0,0,20250801092740,FSDAT02,13,24000
8,1,488060307,125458933,21,0,0,20250801092740,FSDAT02,13,24000
2,2,488061012,125454720,488060902,125454715,2,3,20250801150357,FSDAT02,13,24000
8,1,488061012,125454720,20,0,0,20250801092740,FSDAT02,13,24000
8,1,488060902,125454715,21,0,0,20250801092740,FSDAT02,13,24000
2,2,488059869,125456197,488059934,125456227,2,3,20250801150357,FSDAT02,13,24000
8,1,488059869,125456197,20,0,0,20250801092740,FSDAT02,13,24000
8,1,488059934,125456227,21,0,0,20250801092740,FSDAT02,13,24000
2,2,488059882,125455838,488059979,125455830,2,3,20250801150357,FSDAT02,13,24000
8,1,488059882,125455838,20,0,0,20250801092740,FSDAT02,13,24000
8,1,488059979,125455830,21,0,0,20250801092740,FSDAT02,13,24000
2,2,488059767,125455548,488059942,125455534,2,3,20250801150357,FSDAT02,13,24000
8,1,488059767,125455548,20,0,0,20250801092740,FSDAT02,13,24000
8,1,488059942,125455534,21,0,0,20250801092740,FSDAT02,13,24000
2,2,488062742,125455204,488062704,125455292,2,3,20250801150357,FSDAT02,13,24000
8,1,488062742,125455204,20,0,0,20250801092740,FSDAT02,13,24000
8,1,488062704,125455292,21,0,0,20250801092740,FSDAT02,13,24000
2,2,488063072,125455213,488063088,125455404,2,3,20250801150357,FSDAT02,13,24000
8,1,488063072,125455213,20,0,0,20250801092740,FSDAT02,13,24000
8,1,488063088,125455404,21,0,0,20250801092740,FSDAT02,13,24000
2,2,488062157,125455116,488062145,125455171,2,3,20250801150357,FSDAT02,13,24000
8,1,488062157,125455116,20,0,0,20250801092740,FSDAT02,13,24000
8,1,488062145,125455171,21,0,0,20250801092740,FSDAT02,13,24000
2,2,488061091,125455596,488061151,125455595,2,3,20250801150357,FSDAT02,13,24000
8,1,488061091,125455596,20,0,0,20250801092740,FSDAT02,13,24000
8,1,488061151,125455595,21,0,0,20250801092740,FSDAT02,13,24000
2,2,488061701,125457385,488061910,125456672,2,3,20250801150357,FSDAT02,13,24000
8,1,488061701,125457385,20,0,0,20250801092740,FSDAT02,13,24000
8,1,488061910,125456672,21,0,0,20250801092740,FSDAT02,13,24000
2,2,488062700,125456289,488063094,125456249,2,3,20250801150357,FSDAT02,13,24000
8,1,488062700,125456289,20,0,0,20250801092740,FSDAT02,13,24000
8,1,488063094,125456249,21,0,0,20250801092740,FSDAT02,13,24000
2,2,488061382,125455911,488061300,125455857,2,3,20250801150357,FSDAT02,13,24000
8,1,488061382,125455911,20,0,0,20250801092740,FSDAT02,13,24000
8,1,488061300,125455857,21,0,0,20250801092740,FSDAT02,13,24000
2,2,488061358,125455388,488061292,125455382,2,3,20250801150357,FSDAT02,13,24000
8,1,488061358,125455388,20,0,0,20250801092740,FSDAT02,13,24000
8,1,488061292,125455382,21,0,0,20250801092740,FSDAT02,13,24000
2,2,488061086,125455852,488061155,125455840,2,3,20250801150357,FSDAT02,13,24000
8,1,488061086,125455852,20,0,0,20250801092740,FSDAT02,13,24000
8,1,488061155,125455840,21,0,0,20250801092740,FSDAT02,13,24000
2,2,488059858,125456437,488059823,125456352,2,3,20250801150357,FSDAT02,13,24000
8,1,488059858,125456437,20,0,0,20250801092740,FSDAT02,13,24000
8,1,488059823,125456352,21,0,0,20250801092740,FSDAT02,13,24000
2,2,488062443,125458179,488062464,125458182,2,3,20250801150357,FSDAT02,13,24000
8,1,488062443,125458179,20,0,0,20250801092740,FSDAT02,13,24000
8,1,488062464,125458182,21,0,0,20250801092740,FSDAT02,13,24000
2,2,488059587,125456491,488059604,125456349,2,3,20250801150357,FSDAT02,13,24000
8,1,488059587,125456491,20,0,0,20250801092740,FSDAT02,13,24000
8,1,488059604,125456349,21,0,0,20250801092740,FSDAT02,13,24000
2,2,488060233,125456310,488060192,125456248,2,3,20250801150357,FSDAT02,13,24000
8,1,488060233,125456310,20,0,0,20250801092740,FSDAT02,13,24000
8,1,488060192,125456248,21,0,0,20250801092740,FSDAT02,13,24000
2,2,488061089,125455376,488061148,125455377,2,3,20250801150357,FSDAT02,13,24000
8,1,488061089,125455376,20,0,0,20250801092740,FSDAT02,13,24000
8,1,488061148,125455377,21,0,0,20250801092740,FSDAT02,13,24000
2,2,488061003,125455983,488061155,125455840,2,3,20250801150357,FSDAT02,13,24000
8,1,488061003,125455983,20,0,0,20250801092740,FSDAT02,13,24000
8,1,488061155,125455840,21,0,0,20250801092740,FSDAT02,13,24000
2,2,488060357,125455290,488060349,125455239,2,3,20250801150357,FSDAT02,13,24000
8,1,488060357,125455290,20,0,0,20250801092740,FSDAT02,13,24000
8,1,488060349,125455239,21,0,0,20250801092740,FSDAT02,13,24000
2,2,488059658,125454148,488059633,125454165,2,3,20250801150357,FSDAT02,13,24000
8,1,488059658,125454148,20,0,0,20250801092740,FSDAT02,13,24000
8,1,488059633,125454165,21,0,0,20250801092740,FSDAT02,13,24000
2,2,488062319,125454021,488062409,125453614,2,3,20250801150357,FSDAT02,13,24000
8,1,488062319,125454021,20,0,0,20250801092740,FSDAT02,13,24000
8,1,488062409,125453614,21,0,0,20250801092740,FSDAT02,13,24000
2,2,488063024,125454206,488063119,125453776,2,3,20250801150357,FSDAT02,13,24000
8,1,488063024,125454206,20,0,0,20250801092740,FSDAT02,13,24000
8,1,488063119,125453776,21,0,0,20250801092740,FSDAT02,13,24000
2,2,488061244,125455005,488061236,125455070,2,3,20250801150357,FSDAT02,13,24000
8,1,488061244,125455005,20,0,0,20250801092740,FSDAT02,13,24000
8,1,488061236,125455070,21,0,0,20250801092740,FSDAT02,13,24000
2,2,488060178,125453131,488060226,125453168,2,3,20250801150357,FSDAT02,13,24000
8,1,488060178,125453131,20,0,0,20250801092740,FSDAT02,13,24000
8,1,488060226,125453168,21,0,0,20250801092740,FSDAT02,13,24000
2,2,488059882,125454335,488059846,125454362,2,3,20250801150357,FSDAT02,13,24000
8,1,488059882,125454335,20,0,0,20250801092740,FSDAT02,13,24000
8,1,488059846,125454362,21,0,0,20250801092740,FSDAT02,13,24000
2,2,488059842,125453825,488059738,125453747,2,3,20250801150357,FSDAT02,13,24000
8,1,488059842,125453825,20,0,0,20250801092740,FSDAT02,13,24000
8,1,488059738,125453747,21,0,0,20250801092740,FSDAT02,13,24000
2,2,488060005,125453642,488059921,125453579,2,3,20250801150357,FSDAT02,13,24000
8,1,488060005,125453642,20,0,0,20250801092740,FSDAT02,13,24000
8,1,488059921,125453579,21,0,0,20250801092740,FSDAT02,13,24000
2,2,488060379,125453376,488060267,125453285,2,3,20250801150357,FSDAT02,13,24000
8,1,488060379,125453376,20,0,0,20250801092740,FSDAT02,13,24000
8,1,488060267,125453285,21,0,0,20250801092740,FSDAT02,13,24000
2,2,488060521,125453252,488060411,125453164,2,3,20250801150357,FSDAT02,13,24000
8,1,488060521,125453252,20,0,0,20250801092740,FSDAT02,13,24000
8,1,488060411,125453164,21,0,0,20250801092740,FSDAT02,13,24000
2,2,488061682,125455022,488061659,125455112,2,3,20250801150357,FSDAT02,13,24000
8,1,488061682,125455022,20,0,0,20250801092740,FSDAT02,13,24000
8,1,488061659,125455112,21,0,0,20250801092740,FSDAT02,13,24000
2,2,488059745,125453460,488059813,125453523,2,3,20250801150357,FSDAT02,13,24000
8,1,488059745,125453460,20,0,0,20250801092740,FSDAT02,13,24000
8,1,488059813,125453523,21,0,0,20250801092740,FSDAT02,13,24000
2,2,488059661,125454508,488059701,125454479,2,3,20250801150357,FSDAT02,13,24000
8,1,488059661,125454508,20,0,0,20250801092740,FSDAT02,13,24000
8,1,488059701,125454479,21,0,0,20250801092740,FSDAT02,13,24000
2,2,488059522,125453722,488059556,125453748,2,3,20250801150357,FSDAT02,13,24000
8,1,488059522,125453722,20,0,0,20250801092740,FSDAT02,13,24000
8,1,488059556,125453748,21,0,0,20250801092740,FSDAT02,13,24000
2,2,488062543,125457438,488062615,125457448,2,3,20250801150357,FSDAT02,13,24000
8,1,488062543,125457438,20,0,0,20250801092740,FSDAT02,13,24000
8,1,488062615,125457448,21,0,0,20250801092740,FSDAT02,13,24000
2,2,488060266,125455641,488060113,125455647,2,3,20250801150357,FSDAT02,13,24000
8,1,488060266,125455641,20,0,0,20250801092740,FSDAT02,13,24000
8,1,488060113,125455647,21,0,0,20250801092740,FSDAT02,13,24000
2,2,488060237,125455992,488060180,125455953,2,3,20250801150357,FSDAT02,13,24000
8,1,488060237,125455992,20,0,0,20250801092740,FSDAT02,13,24000
8,1,488060180,125455953,21,0,0,20250801092740,FSDAT02,13,24000
2,2,488060387,125458741,488060378,125458780,2,3,20250801150357,FSDAT02,13,24000
8,1,488060387,125458741,20,0,0,20250801092740,FSDAT02,13,24000
8,1,488060378,125458780,21,0,0,20250801092740,FSDAT02,13,24000
2,2,488061847,125458874,488061835,125458946,2,3,20250801150357,FSDAT02,13,24000
8,1,488061847,125458874,20,0,0,20250801092740,FSDAT02,13,24000
8,1,488061835,125458946,21,0,0,20250801092740,FSDAT02,13,24000
2,2,488062101,125458882,488062070,125458972,2,3,20250801150357,FSDAT02,13,24000
8,1,488062101,125458882,20,0,0,20250801092740,FSDAT02,13,24000
8,1,488062070,125458972,21,0,0,20250801092740,FSDAT02,13,24000
2,2,488061037,125454437,488060967,125454426,2,3,20250801150357,FSDAT02,13,24000
8,1,488061037,125454437,20,0,0,20250801092740,FSDAT02,13,24000
8,1,488060967,125454426,21,0,0,20250801092740,FSDAT02,13,24000
2,2,488060434,125454734,488060327,125454826,2,3,20250801150357,FSDAT02,13,24000
8,1,488060434,125454734,20,0,0,20250801092740,FSDAT02,13,24000
8,1,488060327,125454826,21,0,0,20250801092740,FSDAT02,13,24000
2,2,488063008,125453145,488063005,125453226,2,3,20250801150357,FSDAT02,13,24000
8,1,488063008,125453145,20,0,0,20250801092740,FSDAT02,13,24000
8,1,488063005,125453226,21,0,0,20250801092740,FSDAT02,13,24000
2,2,488060694,125454546,488060794,125454560,2,3,20250801150357,FSDAT02,13,24000
8,1,488060694,125454546,20,0,0,20250801092740,FSDAT02,13,24000
8,1,488060794,125454560,21,0,0,20250801092740,FSDAT02,13,24000
2,2,488061373,125455698,488061297,125455700,2,3,20250801150357,FSDAT02,13,24000
8,1,488061373,125455698,20,0,0,20250801092740,FSDAT02,13,24000
8,1,488061297,125455700,21,0,0,20250801092740,FSDAT02,13,24000
2,2,488059980,125454772,488060009,125454745,2,3,20250801150357,FSDAT02,13,24000
8,1,488059980,125454772,20,0,0,20250801092740,FSDAT02,13,24000
8,1,488060009,125454745,21,0,0,20250801092740,FSDAT02,13,24000
2,2,488059389,125458607,488059390,125458635,2,3,20250801150357,FSDAT02,13,24000
8,1,488059389,125458607,20,0,0,20250801092740,FSDAT02,13,24000
8,1,488059390,125458635,21,0,0,20250801092740,FSDAT02,13,24000
2,2,488060701,125454337,488060836,125454357,2,3,20250801150357,FSDAT02,13,24000
8,1,488060701,125454337,20,0,0,20250801092740,FSDAT02,13,24000
8,1,488060836,125454357,21,0,0,20250801092740,FSDAT02,13,24000
2,2,488060805,125454149,488060877,125454159,2,3,20250801150357,FSDAT02,13,24000
8,1,488060805,125454149,20,0,0,20250801092740,FSDAT02,13,24000
8,1,488060877,125454159,21,0,0,20250801092740,FSDAT02,13,24000
2,2,488060159,125453440,488060120,125453410,2,3,20250801150357,FSDAT02,13,24000
8,1,488060159,125453440,20,0,0,20250801092740,FSDAT02,13,24000
8,1,488060120,125453410,21,0,0,20250801092740,FSDAT02,13,24000
2,2,488061200,125454004,488061049,125454070,2,3,20250801150357,FSDAT02,13,24000
8,1,488061200,125454004,20,0,0,20250801092740,FSDAT02,13,24000
8,1,488061049,125454070,21,0,0,20250801092740,FSDAT02,13,24000
2,2,488061127,125454217,488061020,125454201,2,3,20250801150357,FSDAT02,13,24000
8,1,488061127,125454217,20,0,0,20250801092740,FSDAT02,13,24000
8,1,488061020,125454201,21,0,0,20250801092740,FSDAT02,13,24000
2,2,488059450,125458245,488059367,125458631,2,3,20250801150357,FSDAT02,13,24000
8,1,488059450,125458245,20,0,0,20250801092740,FSDAT02,13,24000
8,1,488059367,125458631,21,0,0,20250801092740,FSDAT02,13,24000
2,2,488061636,125454555,488061585,125454640,2,3,20250801150357,FSDAT02,13,24000
8,1,488061636,125454555,20,0,0,20250801092740,FSDAT02,13,24000
8,1,488061585,125454640,21,0,0,20250801092740,FSDAT02,13,24000
2,2,488062486,125453018,488062523,125453018,2,3,20250801150357,FSDAT02,13,24000
8,1,488062486,125453018,20,0,0,20250801092740,FSDAT02,13,24000
8,1,488062523,125453018,21,0,0,20250801092740,FSDAT02,13,24000
2,2,488062473,125452812,488062524,125452832,2,3,20250801150357,FSDAT02,13,24000
8,1,488062473,125452812,20,0,0,20250801092740,FSDAT02,13,24000
8,1,488062524,125452832,21,0,0,20250801092740,FSDAT02,13,24000
2,2,488059528,125458867,488059526,125458829,2,3,20250801150357,FSDAT02,13,24000
8,1,488059528,125458867,20,0,0,20250801092740,FSDAT02,13,24000
8,1,488059526,125458829,21,0,0,20250801092740,FSDAT02,13,24000
2,2,488060839,125453977,488060904,125454031,2,3,20250801150357,FSDAT02,13,24000
8,1,488060839,125453977,20,0,0,20250801092740,FSDAT02,13,24000
8,1,488060904,125454031,21,0,0,20250801092740,FSDAT02,13,24000
2,2,488062741,125453147,488062727,125453185,2,3,20250801150357,FSDAT02,13,24000
8,1,488062741,125453147,20,0,0,20250801092740,FSDAT02,13,24000
8,1,488062727,125453185,21,0,0,20250801092740,FSDAT02,13,24000
2,2,488060802,125458508,488060786,125458828,2,3,20250801150357,FSDAT02,13,24000
8,1,488060802,125458508,20,0,0,20250801092740,FSDAT02,13,24000
8,1,488060786,125458828,21,0,0,20250801092740,FSDAT02,13,24000
2,2,488061285,125458845,488061279,125458882,2,3,20250801150357,FSDAT02,13,24000
8,1,488061285,125458845,20,0,0,20250801092740,FSDAT02,13,24000
8,1,488061279,125458882,21,0,0,20250801092740,FSDAT02,13,24000
2,2,488061929,125458134,488062530,125457869,2,3,20250801150357,FSDAT02,13,24000
8,1,488061929,125458134,20,0,0,20250801092740,FSDAT02,13,24000
8,1,488062530,125457869,21,0,0,20250801092740,FSDAT02,13,24000
2,2,488060918,125457575,488060892,125457487,2,3,20250801150357,FSDAT02,13,24000
8,1,488060918,125457575,20,0,0,20250801092740,FSDAT02,13,24000
8,1,488060892,125457487,21,0,0,20250801092740,FSDAT02,13,24000
2,2,488061167,125458565,488061119,125458865,2,3,20250801150357,FSDAT02,13,24000
8,1,488061167,125458565,20,0,0,20250801092740,FSDAT02,13,24000
8,1,488061119,125458865,21,0,0,20250801092740,FSDAT02,13,24000
2,2,488061755,125459124,488061761,125459090,2,3,20250801150357,FSDAT02,13,24000
8,1,488061755,125459124,20,0,0,20250801092740,FSDAT02,13,24000
8,1,488061761,125459090,21,0,0,20250801092740,FSDAT02,13,24000
2,2,488061239,125459133,488061219,125459128,2,3,20250801150357,FSDAT02,13,24000
8,1,488061239,125459133,20,0,0,20250801092740,FSDAT02,13,24000
8,1,488061219,125459128,21,0,0,20250801092740,FSDAT02,13,24000
2,2,488060948,125459128,488061044,125459138,2,3,20250801150357,FSDAT02,13,24000
8,1,488060948,125459128,20,0,0,20250801092740,FSDAT02,13,24000
8,1,488061044,125459138,21,0,0,20250801092740,FSDAT02,13,24000
2,2,488060024,125459329,488059979,125459324,2,3,20250801150357,FSDAT02,13,24000
8,1,488060024,125459329,20,0,0,20250801092740,FSDAT02,13,24000
8,1,488059979,125459324,21,0,0,20250801092740,FSDAT02,13,24000
2,2,488059725,125459194,488059839,125459203,2,3,20250801150357,FSDAT02,13,24000
8,1,488059725,125459194,20,0,0,20250801092740,FSDAT02,13,24000
8,1,488059839,125459203,21,0,0,20250801092740,FSDAT02,13,24000
2,2,488063383,125461305,488063419,125461319,2,3,20250801150357,FSDAT02,13,24000
8,1,488063383,125461305,20,0,0,20250801092740,FSDAT02,13,24000
8,1,488063419,125461319,21,0,0,20250801092740,FSDAT02,13,24000
2,2,488057918,125461380,488058056,125461389,2,3,20250801150357,FSDAT02,13,24000
8,1,488057918,125461380,20,0,0,20250801092740,FSDAT02,13,24000
8,1,488058056,125461389,21,0,0,20250801092740,FSDAT02,13,24000
2,2,488057961,125463239,488057932,125463241,2,3,20250801150357,FSDAT02,13,24000
8,1,488057961,125463239,20,0,0,20250801092740,FSDAT02,13,24000
8,1,488057932,125463241,21,0,0,20250801092740,FSDAT02,13,24000
2,2,488057249,125462698,488057244,125462759,2,3,20250801150357,FSDAT02,13,24000
8,1,488057249,125462698,20,0,0,20250801092740,FSDAT02,13,24000
8,1,488057244,125462759,21,0,0,20250801092740,FSDAT02,13,24000
2,2,488058632,125462812,488058630,125462843,2,3,20250801150357,FSDAT02,13,24000
8,1,488058632,125462812,20,0,0,20250801092740,FSDAT02,13,24000
8,1,488058630,125462843,21,0,0,20250801092740,FSDAT02,13,24000
2,2,488061667,125460549,488061674,125460538,2,3,20250801150357,FSDAT02,13,24000
8,1,488061667,125460549,20,0,0,20250801092740,FSDAT02,13,24000
8,1,488061674,125460538,21,0,0,20250801092740,FSDAT02,13,24000
2,2,488057554,125462717,488057549,125462778,2,3,20250801150357,FSDAT02,13,24000
8,1,488057554,125462717,20,0,0,20250801092740,FSDAT02,13,24000
8,1,488057549,125462778,21,0,0,20250801092740,FSDAT02,13,24000
2,2,488057060,125462696,488057055,125462747,2,3,20250801150357,FSDAT02,13,24000
8,1,488057060,125462696,20,0,0,20250801092740,FSDAT02,13,24000
8,1,488057055,125462747,21,0,0,20250801092740,FSDAT02,13,24000
2,2,488060765,125460054,488060891,125460081,2,3,20250801150357,FSDAT02,13,24000
8,1,488060765,125460054,20,0,0,20250801092740,FSDAT02,13,24000
8,1,488060891,125460081,21,0,0,20250801092740,FSDAT02,13,24000
2,2,488057600,125463110,488057666,125463083,2,3,20250801150357,FSDAT02,13,24000
8,1,488057600,125463110,20,0,0,20250801092740,FSDAT02,13,24000
8,1,488057666,125463083,21,0,0,20250801092740,FSDAT02,13,24000
2,2,488062624,125460892,488062645,125460850,2,3,20250801150357,FSDAT02,13,24000
8,1,488062624,125460892,20,0,0,20250801092740,FSDAT02,13,24000
8,1,488062645,125460850,21,0,0,20250801092740,FSDAT02,13,24000
2,2,488057908,125462723,488057901,125462798,2,3,20250801150357,FSDAT02,13,24000
8,1,488057908,125462723,20,0,0,20250801092740,FSDAT02,13,24000
8,1,488057901,125462798,21,0,0,20250801092740,FSDAT02,13,24000
2,2,488058337,125462781,488058333,125462825,2,3,20250801150357,FSDAT02,13,24000
8,1,488058337,125462781,20,0,0,20250801092740,FSDAT02,13,24000
8,1,488058333,125462825,21,0,0,20250801092740,FSDAT02,13,24000
2,2,488059661,125459932,488059730,125459936,2,3,20250801150357,FSDAT02,13,24000
8,1,488059661,125459932,20,0,0,20250801092740,FSDAT02,13,24000
8,1,488059730,125459936,21,0,0,20250801092740,FSDAT02,13,24000
2,2,488060003,125459983,488059893,125460023,2,3,20250801150357,FSDAT02,13,24000
8,1,488060003,125459983,20,0,0,20250801092740,FSDAT02,13,24000
8,1,488059893,125460023,21,0,0,20250801092740,FSDAT02,13,24000
2,2,488062037,125460715,488062061,125460662,2,3,20250801150357,FSDAT02,13,24000
8,1,488062037,125460715,20,0,0,20250801092740,FSDAT02,13,24000
8,1,488062061,125460662,21,0,0,20250801092740,FSDAT02,13,24000
2,2,488062328,125460781,488062341,125460752,2,3,20250801150357,FSDAT02,13,24000
8,1,488062328,125460781,20,0,0,20250801092740,FSDAT02,13,24000
8,1,488062341,125460752,21,0,0,20250801092740,FSDAT02,13,24000
2,2,488061188,125459665,488061127,125459661,2,3,20250801150357,FSDAT02,13,24000
8,1,488061188,125459665,20,0,0,20250801092740,FSDAT02,13,24000
8,1,488061127,125459661,21,0,0,20250801092740,FSDAT02,13,24000
2,2,488060912,125459415,488061001,125459426,2,3,20250801150357,FSDAT02,13,24000
8,1,488060912,125459415,20,0,0,20250801092740,FSDAT02,13,24000
8,1,488061001,125459426,21,0,0,20250801092740,FSDAT02,13,24000
2,2,488059720,125459427,488059807,125459436,2,3,20250801150357,FSDAT02,13,24000
8,1,488059720,125459427,20,0,0,20250801092740,FSDAT02,13,24000
8,1,488059807,125459436,21,0,0,20250801092740,FSDAT02,13,24000
2,2,488059644,125459660,488059771,125459672,2,3,20250801150357,FSDAT02,13,24000
8,1,488059644,125459660,20,0,0,20250801092740,FSDAT02,13,24000
8,1,488059771,125459672,21,0,0,20250801092740,FSDAT02,13,24000
2,2,488061228,125459395,488061161,125459389,2,3,20250801150357,FSDAT02,13,24000
8,1,488061228,125459395,20,0,0,20250801092740,FSDAT02,13,24000
8,1,488061161,125459389,21,0,0,20250801092740,FSDAT02,13,24000
2,2,488062045,125459829,488062426,125459309,2,3,20250801150357,FSDAT02,13,24000
8,1,488062045,125459829,20,0,0,20250801092740,FSDAT02,13,24000
8,1,488062426,125459309,21,0,0,20250801092740,FSDAT02,13,24000
