2,3,493127963,126889323,493127963,126889323,493129544,126888144,1,3,20231118112612,FLOEX_FSDAT01,3,24000
2,3,493127381,126875590,493127381,126875590,493128946,126874492,1,3,20231118112712,FLOEX_FSDAT01,3,24000
2,3,493129714,126877775,493129714,126877775,493130190,126877438,0,1,20231122223152,FLOEX_FSDAT01,4,24000
2,3,493117616,126874449,493117616,126874449,493118646,126875330,0,2,20231123163030,FLOEX_FSDAT01,0,24000
2,3,493119602,126876188,493119602,126876188,493121323,126877794,0,2,20231123163043,FLOEX_FSDAT01,0,24000
2,3,493120553,126878721,493120553,126878721,493121282,126878219,0,2,20231123163207,FLOEX_FSDAT01,0,24000
2,3,493121893,126877792,493121893,126877792,493123402,126876704,0,2,20231123163219,FLOEX_FSDAT01,0,24000
2,3,493124980,126875554,493124980,126875554,493126121,126874770,0,2,20231123163235,FLOEX_FSDAT01,0,24000
2,3,493126529,126874476,493126529,126874476,493128237,126873287,0,2,20231123163247,FLOEX_FSDAT01,0,24000
2,8,493130328,126877331,493130320,126877331,493131378,126876603,493131925,126876246,493132761,126875680,493133387,126875191,493134461,126874443,493134937,126874132,1,3,20231125065218,FLOEX_FSDAT01,3,24000
2,3,493128307,126873706,493128307,126873706,493131327,126876593,1,3,20231125072257,FLOEX_FSDAT01,3,24000
4,1,493147057,126883776,テトラ中央通,0,26,20,3,20231201143202,FLOEX_FSDAT01,1,24000
4,1,493146795,126884097,Ａ　　Ｂ　　Ｃ　　Ｄ,0,26,20,3,20231201143325,FLOEX_FSDAT01,1,24000
4,1,493127267,126878748,林英介,0,18,50,3,20231224130517,FLOEX_FSDAT01,1,24000
4,1,493133773,126879667,寺家,1,28,60,3,20231224221614,FLOEX_FSDAT01,1,24000
4,1,493141467,126888860,山中,1,28,50,3,20231224222959,FLOEX_FSDAT01,1,24000
4,1,493123147,126877625,駐車場,1,22,0,3,20231226065917,FLOEX_FSDAT01,0,24000
4,1,493123030,126878472,駐車場,1,22,0,3,20231226065926,FLOEX_FSDAT01,0,24000
4,1,493136083,126886849,サトウ,0,26,50,3,20231228185351,FLOEX_FSDAT01,1,24000
4,1,493136355,126885633,（コスモス）,1,22,50,3,20231228233932,FLOEX_FSDAT01,1,24000
4,1,493132964,126878663,ツチヤ,10,26,70,3,20231230133005,FLOEX_FSDAT01,1,24000
4,1,493126339,126886776,三木,0,26,50,3,20240107165859,FLOEX_FSDAT01,1,24000
4,1,493131410,126876716,マルヤマ,0,22,50,3,20240107173706,FLOEX_FSDAT01,1,24000
4,1,493142772,126880320,アンドウ　トシヒロ,1,22,40,3,20240107211254,FLOEX_FSDAT01,1,24000
4,1,493136271,126880501,曽我部,11,26,53,3,20240108144325,FLOEX_FSDAT01,1,24000
4,1,493143747,126886283,金子,0,26,30,0,20240414081520,FLOEX_FSDAT01,0,24000
4,1,493124174,126874751,ナガナワ,0,18,45,3,20241231103749,FLOEX_FSDAT01,1,24000
8,1,493119863,126884747,0,0,0,20250719112744,FLOEX_FSDSP01,0,24000
2,7,493119682,126884130,493119682,126884130,493119889,126883825,493120038,126884124,493120213,126883979,493120192,126884319,493120192,126884319,0,0,20250719112820,FLOEX_FSDSP01,0,24000
3,6,493118836,126883814,493118836,126883814,493119398,126883766,493119375,126883536,493118884,126883564,493118884,126883564,0,0,0,0,20250719112856,FLOEX_FSDSP01,0,24000
4,1,493120019,126883758,文字列,0,26,0,0,20250719112931,FLOEX_FSDSP01,0,24000
5,2,493118287,126885245,493118834,126884801,0,0,0,0,20250719113000,FLOEX_FSDSP01,0,24000
6,2,493121181,126884370,493121586,126883874,0,0,0,0,20250719113029,FLOEX_FSDSP01,0,24000
7,27,493118372,126884258,493118376,126884268,493118388,126884278,493118392,126884287,493118420,126884310,493118459,126884326,493118487,126884333,493118511,126884339,493118527,126884339,493118558,126884339,493118578,126884339,493118614,126884333,493118637,126884327,493118661,126884310,493118685,126884294,493118701,126884272,493118717,126884255,493118721,126884242,493118725,126884242,493118729,126884242,493118744,126884246,493118760,126884255,493118772,126884262,493118788,126884272,493118792,126884278,493118796,126884278,493118796,126884278,0,0,20250719113817,FLOEX_FSDSP01,0,24000
4,1,493119308,126885369,指定道路,0,26,0,0,20250719113949,FLOEX_FSDSP01,0,24000
4,1,493119308,126885188,対象物・個人名,0,26,0,0,20250719114054,FLOEX_FSDSP01,1,24000
4,1,493119368,126884863,建物階数,0,26,0,0,20250719114205,FLOEX_FSDSP01,2,24000
4,1,493120587,126884628,王子紙業,0,26,0,0,20250719114328,FLOEX_FSDSP01,5,24000
8,1,493119637,126885036,0,0,60,20250719141110,FLOEX_FSDSP01,0,24000
8,1,493119562,126884675,3,0,30,20250719141305,FLOEX_FSDSP01,0,24000
4,1,493119503,126886214,サイズ２６ー１０,0,26,-10,0,20250721073518,FLOEX_FSDSP01,0,24000
4,1,493120801,126886203,サイズ２６ー１０縦,1,26,-10,0,20250721073557,FLOEX_FSDSP01,0,24000
4,1,493119136,126885785,太字,11,26,-10,0,20250721073645,FLOEX_FSDSP01,0,24000
4,1,493118031,126884618,枠付き,101,26,-10,0,20250721073750,FLOEX_FSDSP01,0,24000
4,1,493120787,126885235,丸付き,1001,26,-10,0,20250721073830,FLOEX_FSDSP01,0,24000
